1181989799
1042415529
1050467499
user_id
1042372129
896660249
1109800749
871288937
82628828
986163427
1170978478
1182149597
1171503447
949581617
365198648
1098829219
1127418057
1020656638
1110557867
1169391988
1128057997
1185361699
1100810427
65625257
1181970579
394506348
164417229
369566688
978881619
1182123429
69289087
486293798
1078786248
1181899799
913842697
1181885098
1181897209
1181997547
7091418
30739539
1182146647
1182147547
1181944419
1081360109
1180158228
811653979
11929267
1181897778
1181968049
1037777139
1051583617
1021727548
329974399
1087092498
1111608727
1128342537
1182148149
935660857
1133101009
616667528
1182076947
1104021419
724514219
891682977
1181956539
1181956007
960087659
1162143969
1079684969
543426428
1181968539
1185319348
1083183978
1033819499
89754207
756786217
1181981299
517662428
947636638
1081905097
1112445157
1059853458
952980349
1182088509
610387628
1182061127
1182032498
948499518
1096326077
1091512488
1182151268
1105839929
1182075068
699947417
1182022928
1181999589
1181976918
1181941827
999046489
942205979
946868978
630144467
890639269
734100038
1124338227
873492377
1184221227
702586787
1093600949
1123906229
1055075507
855485848
855567569
72505177
1182024119
1181881637
1181881199
1181951677
38222998
1181882977
759899638
1182061328
310114429
935423499
933526437
659075738
1013097138
871872119
653731229
1003180428
31138297
1182086108
1182061738
925900408
1050376879
1159605739
1068178508
721278668
1182024248
978599467
1181963978
493253038
972930469
1182742227
1181888688
1182133588
1007515488
1181970157
854000448
632048219
1006715098
1168923248
1181897469
590745977
429738858
1181905857
1074044117
897181077
1182001039
1180681808
1181880029
1059633658
1048216549
1101940388
1182013898
6009838
1065481497
531997229
953815678
36181157
754970488
24899069
1139972647
541022348
754049398
1181900858
969460658
1181891129
319672619
1182039329
1063158018
1176201639
171713959
1062490678
1035116167
938873709
1037164458
1181973308
428288598
995268447
1103696028
1146495789
621263537
1182911659
1053186218
1181890668
945464728
1181895509
1181908558
748688539
760553068
1178641578
1181937587
1137105549
1025426047
932106457
1095270768
937161687
941038147
1071156567
1168440518
848159739
9206398
1032462459
1183238787
927163489
11366047
1179876307
1130698859
1181987168
48447868
926035118
1182143827
14341527
831817438
1138225609
1064976448
1105834077
746849188
888596757
73701638
1182137517
562906769
314284207
570866498
1161506378
1094448668
1181933267
12496447
408145659
1184366449
1132471518
1074821788
1162847517
1181939548
793216537
1182125777
597729857
837425697
43645979
1181947779
936351737
1182009879
968001818
982391769
1018281579
1182010778
590822039
1062098429
1182111959
1181991947
1181887638
1175444017
6040178
1009915397
1063382947
1181944517
1041217409
923560188
1102504818
1047151398
818779267
845690249
1094361309
1185452479
1181982707
743185669
1172178568
1040129329
928457708
7590369
1181886907
1182065199
892724128
339715859
1096128727
1181896127
933888138
59241899
1170277978
416281458
1071710089
1153071418
1181969828
1181976239
1077882787
629976587
1181970729
1182035079
903336787
1067926787
549702179
1181976188
932388589
1164106097
1060202098
23680007
1184702727
1182151477
1012129479
1171023618
1182083978
946328229
1182114629
764034139
1095863229
1037964888
1181980048
942144268
1068951179
1133775309
1100344617
1181480798
1100497557
1183029689
1184674808
1185100829
1103937467
1069244807
1035376627
894867139
1160414118
1057148589
1095681887
1182018818
1182038778
1062164028
1181897448
1181900708
1006467959
60870628
1182029457
1184698358
1182007247
1127972389
1096093199
1182078127
1182477078
615787607
985321448
926097688
76537857
1039951107
1176587069
1095654847
1182015749
1653078
1181960039
1182031398
1181889509
863217839
709254287
1109481379
1063606418
846363259
1067723299
1128281977
6880239
1062952987
1105676517
963609827
497050718
668418269
1170083707
1158914769
835527109
724658609
1109553288
1182011847
1182073668
1151949667
287566897
974635429
299717309
1182115617
1036568268
1185722469
1181937598
1145670998
1182129047
933839688
837452137
769150867
1025664297
1181915239
1098317507
927034417
1184211018
955961568
947058008
1182029387
1089693538
28379457
1181892408
513716228
1021671289
10536457
1182029079
1029243828
799091599
1012802679
1182030558
1099401269
1181952658
1071064928
1108437798
60354207
1095514357
873794847
1039380149
1068593017
527352359
1182096548
1105349239
1182371049
1183361018
775303609
1099020219
177914859
1077221459
5552108
1133023448
1182450628
1075119058
899569259
288952997
987077547
1020538137
1181953537
1084344058
1181953439
1089280137
1162456597
1157570688
1181980007
1029015659
937518337
1182007249
1161545979
75821868
1114331698
1123099468
78912167
957048577
1041097117
798736009
1062274659
884622209
1182103079
1181913227
5714367
1182028048
42528029
705396689
933784877
1104287867
885806939
1181897898
1181959298
1040725018
1162800338
1142368127
1057165389
437469358
1182036467
1182124227
1180223898
378641288
1147387408
1177977609
894616917
1182812648
628051559
19813928
1182071649
938352989
1182022288
1095591048
1181882579
929042408
974388328
730742189
76723577
1007147727
1060419848
915404598
1181958689
1183386159
14262607
86431268
989421668
879082497
1181966828
877193849
617870327
923524558
1182007219
73070188
1144810077
1181896679
27499868
1009943328
573610157
1104087458
1182125317
64440798
1182034357
1101242238
1181942748
43513798
1166512398
869199428
12568909
761648419
1048995879
22312827
1185647197
74637579
1112574587
1185675248
56880357
1095197338
1181966799
27594287
1069040987
1182130308
1032751007
1182184268
1182008308
1181990527
940243278
983198518
1181909178
889111799
1011786847
1181988477
72230889
54514039
625999349
1181998937
5832749
1114761587
1133286207
703191467
1183103728
1023613079
1181996459
1057788138
899065589
885658438
1181942149
965728289
14498857
1182454768
1031726887
1128185377
1181946747
1182034349
1023757138
1099947369
1182077248
1181945638
1181898867
11036809
927801918
887441137
1169496068
1172737387
1181974217
947398129
1181882218
1182152188
1182134029
936978848
1181950707
1059295829
890420469
19686467
489595338
1182125329
759363589
933615777
1181997998
1130869107
1181951009
1182102188
1182143968
1115649707
846931117
859266679
846105957
1182107578
568693469
1040336057
1181891698
981482049
1184846728
34568569
1038799618
1181967598
1003144347
1103452538
1999567
1182023127
1181887459
1168980417
928863957
1173709379
897382779
306571777
1183981658
5736128
1182119289
298873317
1068998168
1182061108
1181903218
1181887518
1099642497
1181884619
1182079697
805904398
633155699
1173690969
77801127
847100367
1170655778
690538958
1182017298
1181962198
287112457
893271258
1513719
11071958
1181976457
1062625868
1070110438
1181955077
1024963499
1171159159
1133079329
350152528
36604758
1181054337
1182151227
450657078
1171206409
313544739
1181980779
1125192917
930109538
30629728
772291477
1181901828
910546989
979707609
5715409
888137779
1182035118
91069289
1162170067
1182015287
1092401447
1121264589
1181901977
1122081868
851391837
1151022077
1182117478
1182200388
621891809
298370837
958352778
1181897557
1047862767
548774999
914783158
13067978
1168634137
1124786389
316798499
776861149
1184571419
1182057919
1182091317
1009134147
34837959
1181940618
1182061427
1043909467
648712688
742517017
1028479348
975728937
1052513618
1181943028
1132755318
1040926487
1182031937
1008590127
500507948
798708787
10218978
1182124579
917433078
1165525167
596713568
1181997019
662466827
889680829
1185867277
1181998148
1181881498
821674228
1094501377
968562278
969452547
1062276729
1178962208
1049562308
1181940359
925241829
1181883349
31124548
1181880608
1163114197
834411719
1168906028
1121768479
1136018329
1025548818
1032146849
846238348
1027531657
1181975179
1181999657
1077372388
55944129
7553247
1182029867
1181949777
755612287
856091809
579195218
823715737
1181886489
1182149799
1060168547
1182012847
1176430318
807618319
1181884869
930173698
914593887
1182121038
11284407
1066965257
1064547349
1171787249
771942709
539259428
749103847
80986568
398020368
966639527
1073841948
1181978877
1116347219
1181911387
1112627828
933773789
1181980799
1182025919
10247288
1181962437
1030787409
1181947179
659592299
1181884478
1182012968
1162310058
1182102267
1166956577
637067879
1181955347
1014291207
491794258
1185020028
1086209959
1182096847
1182152098
1171936749
555612788
1110648747
1095813298
1182089158
1049117358
1024325029
1181986188
1097962699
1177078609
1064208117
1182098089
1181899868
1065065487
1169650877
1179781488
1085850688
1185836949
838602698
1185453447
1169218597
333261307
1181954989
13726208
1134514398
594073367
1104017848
831710587
438481758
1126866719
1112720898
955758477
1182100259
1182602287
964052537
1182013837
1121453828
1164879567
1181882997
1127862599
12269929
671003798
1147729339
868993257
1169517628
1035130747
907503277
1139999577
963333207
837108108
1090472577
337977539
437179638
1165301979
940416537
826590559
1134096057
21937068
805241647
1181893717
1181975629
848501337
75337828
813275779
1181913589
1106343857
1143803807
1182024948
1181903268
1181988708
1169468907
1181912999
1181904209
989810797
951284858
632130959
846724469
1182026068
1182016939
1182043158
1091177409
841998088
1181894917
1113343859
758678077
1182035877
1106624537
286158297
1181956529
933528409
1182030969
1182149468
1181980757
1181987328
1182023887
1181238378
1098348889
842813869
1181006248
864152208
1162218107
1096200569
347829648
897293329
1159561997
1096576787
1168377039
1061688768
1181970269
1041941939
1080121509
1175615407
1014280287
1106391019
14119038
1057642948
845764418
174293919
913536449
60323469
1185285278
1181890368
1005138549
1182070199
1181899528
1182077658
1010742127
1170268048
1181885377
1164653068
1123213259
1182095067
1182126767
997095568
834507129
68540738
1181985718
1132341948
1075584188
15983369
946130609
1182139969
1182110988
1182098527
1061528907
974041199
1182078817
12650449
1028247719
1007329148
985898618
985654179
1181894048
16221898
638011367
1177062437
890897269
1182074169
33369988
587268857
1068801678
1131847148
961538068
1181972309
1131478428
1122556419
1182031279
783308809
1104107937
1182070067
1169236439
36479409
1181890759
1182021938
754550317
1181968588
1181894898
1027864467
881152277
898800967
341412767
315333287
1182082188
14348077
1181946538
931713049
1182001618
1181965189
385370788
1036030849
1181900197
371643128
1182000607
1025689829
1051023819
48557008
1182113949
75888147
1184868567
1181978959
1049069069
1181881709
177707029
1124148158
1182131919
1158055418
1031374587
24057498
1150562967
940033838
1183923919
1181972909
1182038299
77459589
68155439
984819698
1181964097
959111168
1130110519
1182133637
1181903078
725647277
1172467799
1178820728
1184543909
1182047537
1182681189
1151026859
841477278
44121839
1182008337
856960847
1181900107
1128815827
1181982619
930566597
1022023738
893472099
791952388
1181918009
1095631348
85952408
1182068147
616395647
658339688
951691058
1097658147
835429388
960899868
1094530159
22225429
1045924927
1181967327
1045832827
1117318969
1162330438
28311199
1182016317
1182026789
76144547
1182080299
1181943688
970403927
1181942439
1181911079
1181992617
1181891798
1182148178
1100911889
1169395929
1125934888
1115461989
1152222778
1034689448
1181978278
1141579848
1182014439
1182109157
611369957
924986118
1105854927
1181915499
750915118
942600347
1182151678
1099579039
1179675599
1182096179
1182074688
1025597217
1176072068
1181972129
316579407
1138688777
760147708
1027983558
1143803427
1168589167
989480209
1182025817
986743179
890757368
877609477
1181901249
1181990237
1182022087
1061325278
1182030967
517083947
1182078219
1086659659
1181901088
1181942718
957564718
1092941668
1055318607
1099701359
944408029
1181940637
1026404979
31648858
725701187
758993788
1182029757
8926389
1075962749
1182732648
1059814139
1000821268
934972669
1182017719
1181895937
796748569
1027927947
88516707
21007419
1024324097
1031561737
860614047
962133897
1181961628
1181919478
1168975968
821766499
1024403789
1179090138
1065153818
1660168
287400489
1182034888
340797727
1131429798
514462988
1024101077
998924398
842980289
1182080099
1151728978
1082573469
1181932609
1181896228
543114497
727539917
1127462179
1066859899
1181915469
76800198
1182867727
1085212857
1034761219
1182145209
858777088
533534327
1039112768
1011412217
1181882388
947046708
1108043279
1096270677
1182175748
929022507
406190388
1181906089
1181885007
1045942729
1182020397
343058467
1079431738
1182016669
1086639638
827275927
56162698
1183291819
801216637
1182080619
1184522798
1114609389
857152537
821109319
990301029
1182046527
1182137077
1182039569
842987007
1128410679
1110463939
54962357
759754249
306521297
1057071258
1181306867
1182020167
1182021418
1054338069
763934458
586378898
48609788
1159635799
1066649579
810986017
1111527987
1129348219
1033196949
1047189467
316201019
1181982897
931402857
1182042919
1181958328
1124797967
1082784767
1013651277
925575299
345451388
1181937588
1154943007
1182142108
7552599
1181908238
1181952119
1171419888
1062795727
1125796067
1132423399
1175644109
1127549909
1163830929
1080215427
469656858
902219658
1101679217
1182006237
43238868
1180067638
1098842897
1081445107
1181884448
979657488
1181905437
1135954197
1181890229
1184230628
1182005699
1042543018
1183551747
1126948828
405762948
1164477507
3510479
46287398
1073838618
13378709
1104212917
1046894118
1181941659
625836317
803843179
1181902357
6094888
1176329808
1146115629
1181998187
895958918
1182039137
899055529
900479477
5107158
1170366168
1182001438
1157423169
1181995308
1182088917
1181883627
923451437
1181899048
1182002837
1065704278
904154467
20270378
1182113979
44777158
1180532219
1062407577
1169380827
1181982818
549058778
1073655899
1141726748
943607218
1181979227
1182115558
1182002079
1182007639
1098238978
1151738749
1016822738
725950397
330705547
5023107
1138072587
1023674588
990637269
1054907339
848691057
1181917508
1030067919
934397329
1058163138
862223837
299198889
826669459
1182016268
737801098
1093393338
70033697
1183911788
1181901789
1181900497
944187318
783490189
1181898259
1140416637
1007503997
1181913798
1037559629
1181943448
1098875867
1182001808
1182137648
1181902987
1174145948
1050194199
1048404838
1181897149
1103383427
953803147
1145086667
896052019
14094099
883706838
1096028098
1973067
17034317
1034335559
1182030717
1109353648
1182059527
1182005707
768916258
1017456498
1132468659
1181912568
831385288
1111915948
321982887
1181903598
47888807
1003876219
1181908397
1181897437
627317117
1021272509
1029741347
1181974089
968351199
1023657618
842151058
1108557319
1111745899
431759178
1124790367
1182147607
1182018397
1181921947
63522977
1159014618
16156248
73632979
1138314958
1181989237
1181994758
1181888208
1052231247
1183500299
590658008
1181892409
1116368677
919046767
1158536909
1182046279
1130969959
41874028
653359328
702245969
1182027827
1181891307
1182147168
686481149
1182532357
1061713357
1176900779
1181967899
1012671888
1182900339
1182113319
763645639
28454688
1182014539
1101534869
589914239
1181986519
1147173039
1182146988
6992199
1181886068
1182001727
167225009
1181940969
981271018
1184993909
1182736439
1181956378
1068309609
1182087757
758107837
1181893949
1181890908
1182091278
931877208
1014136809
1182087367
784623118
858632918
996571638
884850168
935758428
1182014637
1169003209
923758637
1157848668
13633958
1181966067
1184436427
1182033879
43523838
1062494808
1120039409
787553797
1181889749
840629768
915995268
1181710309
1082901608
1183442458
1182018558
858556569
839762117
1170634789
1031875847
1127023248
1000063337
1036915009
1182032359
1086196509
836617937
1182031899
1182009199
835445779
1181952199
546002537
1181963337
871617937
1182077458
855472619
942931449
982557448
955421149
1182149029
1162972989
1182031369
1181887918
1110027357
752347357
927546349
1071357107
1071062627
1181895647
46205219
971362617
1014006488
51944638
1180246179
1041194289
818425477
1182071429
1181899658
1073290069
1182028009
1181999859
10871297
1169677419
919142899
971503599
1067314057
1180949907
1054958219
1025519239
1176381939
45664387
1049852447
1181941628
799738678
74972469
427792798
1071619739
1181946637
1182138837
1182069999
1181903538
966931469
1039587738
1182137588
803391688
20889768
890978358
863161169
1182047379
585606107
1096395968
301501609
740161417
847498218
21136139
165976339
1164915899
1172579507
1103853427
1181896437
1183641388
772988887
1129320788
1181948197
597453818
1112298568
918919698
1181902888
1056630919
1021849538
960626057
1182015517
1098269229
918811639
722429219
1181906488
1182007819
1182139377
57334108
1124285568
1182017448
1182045989
1124262899
1181975919
1171519667
1101955777
48164589
1124888658
798321979
6641118
1183301087
57952528
1181973948
1181946278
1182036678
1182034307
1047955227
1181907588
1061310209
1026222389
1106515018
371745668
816576967
1044161989
870627298
1049589539
887656379
1182031598
85128217
1173701199
932560899
1181900389
1068555069
1182090367
301210877
1020911088
1182036828
585826148
705116858
1065090369
895964148
1023712729
573032138
993056817
1184675957
1112830557
1181909388
566272769
1070358029
1045557688
1182016067
631373867
1034480198
1050552669
1181901518
1181911488
1167105237
967023829
38477078
839523128
10308648
56884109
1182005269
1182002987
1001561257
629782058
1110449967
1181994107
1169405519
1006037987
1181978779
1126840519
824943478
1181996877
1104751009
1181902099
927391947
1131945299
990685768
1181898177
1182026188
1155328778
1181889678
1181941359
1085955927
1085721597
347568948
1182135318
1181956128
1181974348
891338697
1157598008
1182030737
880935629
1181951777
991449259
1169092849
500034908
302933689
1182116659
14867929
1182084007
1181887758
726729947
1069943058
1013108088
1109102717
1025503887
1181977129
616462568
1181943938
862440818
541284368
957503198
946162737
780417148
1041063777
20562207
1182070489
16992219
1168199548
1074782067
1123466309
10511528
13976809
1030312358
1095775877
1182041339
988776408
311627617
1178991918
1070115519
1182125397
949573189
974203088
1181948949
943187138
1182131839
1029700207
1184510378
1062758609
1068714047
1182041648
679174877
1136927269
1182079497
1181974297
1181893609
1182024199
1181899289
1158282587
824162758
1076515577
1036677019
1181883807
758341519
1064758979
1181903699
1181995368
1181580417
980934949
1094667487
731633909
1025312008
1144526167
934000679
1054956899
1181887798
64110608
1182045759
1181896899
1182019268
1181959569
1029059989
1181902399
1113914487
932094948
1181883989
982356999
1182063279
78792768
1004539
712584539
972377628
24666747
1169521807
1182010028
171916079
840288968
5968568
1182005258
839688159
1181913188
1182130928
1014062269
838567259
1144459388
1182098177
1061455657
1055888737
1013679848
1181945557
615207377
1082931569
1181918559
524239577
898133319
1182062238
1181880467
1182008659
650307308
847563229
808393507
1169648708
1182145308
1130656968
974136827
893117859
452397678
1182014727
12524187
627190958
886534188
1181898237
1048195207
1181946648
1077804307
1072783279
1182014959
1182019839
955555368
37613769
1108464388
83993117
544543937
1183208627
1113933097
1181974199
982742207
1182471577
1142127907
931613909
1117389079
30433819
21570697
766634668
1182104968
1129362947
1181889107
1063878228
1182083719
22951478
339350767
1105272168
1182130447
1181992787
824092528
1181898698
921359738
1185000327
1182037309
1056281699
1181903819
14539617
535202108
1182148448
1068611879
1182012959
1055339429
1182102108
657345218
630537029
1184742219
1182043369
1039000149
1037555358
1181990948
1128061988
75416289
854851359
655168937
1181921637
1185476408
1088744109
1181906119
1053888018
84042317
1181901308
1181888809
1013430529
748871959
1164397468
32761208
1070632128
969221639
780884587
941503659
1181881577
1158881919
1182035159
820410988
1140677047
865562817
992329327
1182017729
832819117
1181916829
1068361607
1103077047
1085680119
1102650047
36174149
1181888358
1163377559
1062637297
1025376918
1181909708
1157956039
1007983077
962160277
780606169
1066038218
1123671297
1182104438
1429519
21854507
1104211508
720690377
581348129
981032527
1181953577
1010592909
77704039
29848798
1182101119
1185727708
1182133759
59649107
982111428
1135985897
770779219
1182143479
989736688
676699967
1131696747
941020948
1129735869
1182095829
892214738
1172580847
1105078947
1182011099
1165255688
1021277808
1182136548
1173875518
1182075377
1063196299
946934957
1181902129
1182003659
1012033528
533721158
1103313348
927114189
750524038
297229149
1168343798
1181887547
1019765739
70220559
1071289108
688517147
54642889
92283357
15653457
1122007108
767012728
1181885039
51608439
894850998
930489649
1181932698
1181986457
1149513649
1182816558
1181894107
959120048
1116087839
1024094838
26855277
941469738
636474548
1182142517
1182142348
1106461277
1182011417
1181962439
535047227
1182082758
838375678
1182058408
1182036878
952980959
546421109
795673468
796337287
1182150058
1177607429
1184961009
528508379
858828909
1182151009
1119769077
1013481829
1181963419
1181967727
959287478
1184883757
1026325498
1147844718
1182116298
77707758
1182088389
159246199
905627108
1110981327
1176160799
1095645017
8933688
1182101637
1182139099
599719799
1181995258
1442957
1182018829
407901259
866982799
1181887457
1182039057
1181897798
1181886999
1181889708
1183718448
983213978
1037061998
858595529
1123263657
913958597
1182024117
535169009
1123331549
1094128718
1181890489
1020691809
895348518
1181885267
1181980229
1182017898
1167882068
499954259
1181993257
428881338
933736217
6224878
1032726888
1135807878
1077506039
1177681967
36253679
1138697108
1182029418
1094169179
1038954697
1182117248
1182122738
1181893807
1120751398
1168585557
1133359718
1163466057
935442089
1181894197
566086007
1182120269
1182010798
1182011449
1158060207
1180214039
1182092348
1182078919
917317458
1148854128
1181895197
1181893987
25305237
837742738
1115397918
1107042879
1185401528
851056058
650070857
1078042059
1182028369
1182067118
1181902187
1182110587
1182100559
627595637
803959588
1050307899
1114058518
1049036647
1123859507
1181998259
1181971979
90459268
772125688
1181904757
1103814389
1182062759
970435539
1042791528
1181885228
1173782788
1068777268
1184341458
1149940669
1182005569
1179748459
758488279
1126653658
874421269
925895358
1182080318
1173421278
969310698
1180944797
290565409
715322558
1182101399
1180499887
944047717
1182078229
1126954297
1182142579
286843789
759185479
693394328
1182097087
320623287
71276549
45003359
1181952157
1181901239
1182093279
890460337
1106980979
993668418
894578087
1170563367
1181913699
862481209
50503147
1033426549
31507718
50652618
772351507
1182035529
1182100408
1182085259
1182130708
1182089138
10018047
1181918959
1183053719
1181881077
1000791928
1067101538
993083029
981058399
821939719
1181898138
879362588
891998889
846370057
1076515399
1181947129
1182020357
979254939
1181967208
912395189
674292998
1182000437
605575958
848464279
1180658427
626109377
514263557
1063802327
781281847
1115781309
1182071208
1162407788
1181886237
1088771948
937841379
880216658
1081975538
1181926427
1181970027
1024281509
1181939529
22245609
1182063649
1171617258
84394168
1182127988
1181967828
1070723398
891713677
1181883329
1182551749
1181928037
1182154018
1182109977
1182134619
1143178819
1182053338
1181900777
699903929
44428158
1181889819
1181934909
666616388
1056882607
1169361557
385008948
1182141097
944135968
1006823307
1182114039
1043499347
1115975249
542681477
1091724717
1182023787
848147507
1162221008
1057744477
1056672799
884795498
1182041989
1181912297
1182124549
1014416647
1171489957
1182117428
1182026867
1050026787
12018709
961733538
1181905809
1065800427
1053091199
21012828
1182077728
846763198
890615188
1181953109
1182892888
1539017
1182092039
500619638
13742387
389678108
1182087649
1093598259
946924077
894674688
1182070478
87203007
1181886549
1053050167
1162558827
1025478987
1176788568
781392049
1179650459
1182033037
939233789
1148419789
658242047
985121688
13526219
1181990797
962577397
21015159
1181996077
1182912839
1116923377
1182111189
1124311427
965508609
1182082219
647296769
1182153627
7454197
1181893747
1182099757
1183591969
1182104709
1181993198
1181901539
2276037
1010796297
1142145509
1181954099
1047723417
1166577249
1082662367
1184568179
1128824978
1097633049
837274067
385232768
1182098957
750576019
1182000107
918494458
516534218
306318129
910988369
1059927237
1181965119
540953639
1029359008
483818918
86528078
1182123167
1181894258
1023927189
1178587458
9869817
505206947
1181961898
1182096109
752035258
1182104638
1182032768
1069877749
1056039447
1073607517
1000136977
1181908799
1181993928
1094462738
1049732318
627328298
1096022047
1040744858
1181893918
1182020278
532674158
1182033087
1182117669
1094459919
1133120927
1180870917
946044949
1182102109
1099405767
1037215207
1071121007
856846489
1182795797
1182017088
1086072699
1079525048
808728388
1181882809
16707729
14648457
1141588837
1010212929
7796768
1181904738
1129242058
830961448
868354788
1182143799
1181888448
50984677
1164836738
868949587
1095690589
1185699488
626777888
769251979
1159486179
1183179009
486335338
899785557
771516319
13102957
639551867
859084007
1182000637
1018276738
675841577
1181889607
1182085227
1062508998
979113909
1181960368
1039385857
1161403288
1044207118
1181790969
581652017
74647779
1013549658
836327439
1028175469
1143522667
919413507
553373657
1182075599
1181972709
1182131118
55494057
1098588978
1088826358
1122309948
1182030727
1146965838
7680109
1168350327
929735748
12460489
1182132559
588695159
1182019129
40558829
474565538
1051629077
1182529337
553478057
1181889129
1181942139
7186778
1182153309
1181884427
1013092207
1023688428
1167815198
338734659
948006188
1095633969
1181979408
1129804227
1133413378
1148371069
1129180217
1183020378
1182036137
918178928
695737487
1181938697
52293097
1182073877
1091278828
1182078479
874680558
797985877
1182106898
1184003008
954746058
1181986069
1069053367
1182030687
756132277
1181999208
1182099988
1102404539
760046488
1182110419
940232348
621069737
1134253479
610420769
1181947377
90370718
1124019818
1181942789
1182089849
903607027
1182058138
1181979628
947165258
607912607
548136578
1101174839
1162101609
821005279
918629467
545579408
1181885099
1012677639
1182108487
69433848
1182000178
1045426918
55375288
1167024378
42258677
595936637
1054578768
1181906399
1034567889
1171075969
1182009478
1181893888
1181892068
1181891319
1181903988
1181991307
858547098
1143189868
1098220389
858666258
1063477708
1181971309
1014149839
354485008
968550599
634623728
1098568039
1106953778
1037611649
456133918
1052623518
1182337507
1042935938
1182095729
447447878
876089157
1182145369
1182027039
1181954388
11907919
1181894588
1017478888
1008455449
1098506318
1182061858
503502938
1168607718
1123034969
730259207
736652117
1182884058
1182084088
1002915729
1182146749
593047997
1147669747
781259257
348467
1105826878
1182149858
1182074587
1181913829
966923519
1182138157
1181989477
899605009
1182167129
946253289
534779489
38678017
1102721448
1182082627
1182018719
1083894419
1182141207
1038592389
1182152797
1033962368
899041598
1181954917
1181884629
887264887
1182016717
1033386587
1123609227
1147564479
1090523428
1181946179
1105521009
1182082638
1182116249
669739907
1183704978
1007283717
20116009
940529919
1099397619
973815698
954485878
1132749758
1181902169
35958818
43322529
370841728
841966749
1175650977
1131841268
1182025569
505268027
988676899
1182078828
851422697
888737948
1048528767
1064657647
1073487439
1185084889
1114722277
1181893828
163943469
15050519
1035720398
328936029
1181970909
934354519
1182119868
1034670229
902468549
982554169
1182146489
1029095727
1181955079
20682098
1038441668
478345898
341051747
867206868
1181999299
1182010269
1176474257
1181977097
567359558
889056067
1171764817
1182080217
353970728
805642888
1182117097
837983007
1183734569
75231389
931457109
1177590517
1182067508
1181956397
632789279
1065420538
1169200727
1181892448
855741159
1098392527
896285307
1053770869
1182100479
878531287
533694479
1181886057
1181986348
1041688658
1133335738
1134882507
1182007887
1142625008
1181887747
1141151887
532868858
79685857
1182119267
1107738199
1138532427
1103680598
1182007518
1185869208
933427318
925770377
1181893288
1169112018
1162595019
1181954467
1163356628
15568277
1181979207
946247807
1162118569
1182077799
855585358
154518
1041113078
998554827
1182127398
1182087148
1182017978
955249138
1036548967
1139813858
1006510669
1066604969
501312509
1181880928
35205158
1113526218
1182064697
1623997
1028577079
1124319398
936373029
1013385719
1182115367
862392929
543362909
1181897588
2750339
1181889138
1112834129
1181104857
982929997
1101348397
13442798
78197288
386277368
1105604537
1162873879
1181949107
337964219
1174428459
1050485149
893063157
1181959979
1181908587
75192659
1182205007
960305358
1181896387
45713377
892130449
1133555168
1181963549
1037213628
1038594957
891600719
1115555927
1048210029
372533588
1124211077
1018844677
856144598
1181998108
905069467
1130685008
1061356939
1014099317
1181890127
955156369
1171805838
923129118
944168429
1181959977
993185598
972910827
1047347138
445355938
1184356148
1176037268
934654108
1048981098
69254909
39999718
1181982867
1182022498
1049179009
1181895328
1182131547
1135002718
1079828787
1146369387
1182003109
1077678937
13921169
1181898129
388607328
1051613897
12958158
884717198
303689257
1182134657
1089953157
720669578
1182087618
1141994257
609967787
1181977948
21876068
1055572329
606571439
1137681908
929271188
1085758837
1073285498
57647307
1050252469
1182145809
69657769
1182129579
1181475499
64808668
1058618357
669367547
426372378
1181903448
1182036997
1121755927
1080832428
1048468059
1181888827
1034833769
1123566198
1094495807
915262729
897655288
1113559098
1181617358
1181963728
1009273137
1181884817
1084405349
1182102448
773709847
1011571838
955375857
1038707338
1051754078
781431478
966765887
42533367
643161227
1181998408
1182064359
1182084978
1098110159
929329589
1172021787
1181957277
1100525219
1000419188
1169157169
938567089
1049767989
1181891709
1182068008
625138499
1014126659
1016767679
1182119598
1182000108
751140979
1172740967
1073972838
496842659
1182126668
13129927
641914079
844246128
1182132998
1183535698
515462927
1182147908
1133093527
1101748819
1181936647
1182036869
287725077
1182146287
1033779357
1019206468
1181885578
329826357
1182010719
809652148
288288217
1078976357
1182014357
936258769
1181983718
1182019417
1182089828
1126597218
941120067
8853918
921519287
913810967
947390958
843065359
1181980008
1040947298
1182113028
288248289
1136464348
982775169
936516969
1182094569
1182015607
1181907108
1045199489
1181949548
1090261117
49438328
935555647
1181963627
991532378
1098680049
732706979
867147937
1095706147
1181980627
1023908948
1151552718
310947137
877147819
639037397
1069443559
403797068
1115487357
29406648
907044997
1182089757
1008914167
934339388
631483499
1124698118
1122668579
1183028259
603017387
1175707598
859106408
1182033358
954303988
1182088239
1171988787
5478158
168394449
373094488
1181930187
1181880777
835426187
1025856829
877487858
985638549
561540848
1137703618
927104609
329063458
516764138
1024128378
1182073769
1182121798
880544529
1183035607
1182153887
1136678369
1181965539
1168648257
1182742899
1162893268
1117261659
1125286709
1045859169
1146191137
1170380987
174010159
1127258589
1121227928
1182153519
1124591949
1181993957
74120278
1041584258
1181987579
1151165479
1106888337
1182151038
768105217
484206598
843001479
1182104927
1095700017
1181931589
1181910027
1182027647
933413149
1185139299
23675389
1162432819
61988367
1181914198
1175341969
1185556748
1080609029
826186597
637313657
890886718
1081759558
1062725718
1182097977
1181909688
736699187
1182025207
834445948
939355889
1182108127
1167888118
406925187
1182082707
1109399288
874448548
1181974427
1181884369
1181975077
1185150298
1183809867
545966657
1021761149
513918857
993481009
1157117057
837024877
5262117
935677979
1152356058
1182132177
1182002077
45236838
898688808
1011507809
1158304428
879244558
1181918438
1181968918
1182079687
89645208
876012728
1182137618
1182030009
835236889
1024976418
861454787
10142698
750528418
60941837
1184990319
1181897109
1086663648
1098594477
1010276877
1094739649
1182837967
1089363437
1181910387
1148767399
911486499
1184061087
1145775629
1182019169
1177368917
1181896479
631769459
1005926959
1147806297
1041934649
165177239
1013966037
1133975567
803496277
1181880997
1018947617
84478718
1127787379
1182020379
966723019
1182125908
1036899078
55748389
1123981159
17115429
1062481627
1182069778
914310859
1182007648
817412278
1185794868
1181961937
962979759
75139368
1298309
1182108637
632386307
1182009327
1184145808
852132749
1161580237
548975759
1063674919
665484839
936831217
1047401149
1182087787
1078254479
1097961459
876351367
1120882118
1182142127
1181897788
1029894239
1182146119
1181899678
2527819
1181934987
701862038
1135851179
1041583818
755181679
1182007157
37199257
1181988318
1181908628
1182012878
959766527
1103777179
1044247118
672317417
1181573377
1181969487
1023663668
986844799
834812768
1181902637
419679718
908016999
1181978249
530430827
1162236177
1112382957
1007962127
564260768
1047048107
1038011009
598369967
1145010689
1094725167
702804989
1181913637
1051069967
1092246639
1165038059
1015297379
1181955638
1184259919
1182098189
748665469
1095400829
1182027069
839884237
22417187
1185193738
900870538
1054764109
1181882938
955525819
1122447257
1126876128
1036354208
1032461118
952566259
25370517
1126833279
881358049
2446639
1181994768
1182133417
855660217
1181943967
1031538278
11516957
27271938
1181888877
1181985139
1181957008
844789088
32647989
637967708
1158934878
993431489
1182024777
1182001207
89996258
735681908
810270559
836134767
17134588
1183348957
627798179
841344259
1068184978
624067598
1181881079
890619547
1182137498
1156295708
548139929
931659739
954170098
1130867228
1130414739
1182078428
794973478
1067799388
1054022888
1022425718
1046431608
1086866458
1182043578
932168739
1182007288
936576838
839398278
738635638
164366039
352482488
1183560057
880584968
1026794109
364827408
868903477
1181889747
1013490307
1181913259
1028010798
854176339
1181906939
1150925167
331049779
1012005969
1181979089
1182008257
338364787
1181396667
1111955249
1182016969
1072069929
1095979029
626124899
1117736009
1169531829
1108703198
1012441569
1181961657
963063679
1182082557
1184795457
1172941808
944723607
1182013839
1086040707
1100856049
1181900748
1125892978
1181901888
1182145079
1170940279
754504228
1182068907
1181880959
56321148
1181978988
1026277198
1182007099
1181960768
937695878
1128799299
40017858
516960497
1116442158
1181881228
966051427
652929677
1181893438
1182080949
1182038319
1755848
1181988899
1182037657
1057576929
1182013419
1101888688
1165913368
753620647
1181964369
1181981089
1030996547
625295549
1024323867
31625338
1144871077
1183203169
1040711688
1066422249
1177672258
1136938999
1049445279
1181968749
23957777
1181974498
1169154337
71500388
1182009649
959064569
1182146968
1028960239
1181956379
1181898137
1095717247
12287868
1096017397
1130306988
1181969177
1181982449
1182026348
955311847
1030940847
1182029017
1181033077
1036416038
1181952517
1181954708
1110044207
636526757
1182025069
1182180859
73911829
1062757607
913767658
922387687
965489729
405316308
1046736817
1181937027
1182032958
1113435079
800350228
1182028039
1181977717
1182015157
1182118369
2828388
56841358
1181917598
952397937
1129091899
1049470187
1182138767
1170345129
842184787
321385447
1182451327
1182083269
552652328
961723237
1147555098
1027853469
1158955729
988692497
1181908287
1038799558
1181989289
1060241418
671215097
754469239
78941638
1156799139
1087961649
1047063228
1184055949
1181989617
486032698
1181895569
1019892099
349731488
1387097
981675817
1042756228
1182011378
710965649
1182038057
609446189
1150684358
840326739
1182089717
44810639
371077948
1182068617
1051677949
1181898067
1077332458
848103929
1138867278
1101036537
5062648
1181977588
1040475818
636594308
942220999
1104148188
1106278687
1076498377
1131076007
92246199
1185542627
1181895269
970818327
750452458
756740839
1158617528
1181903388
306605057
1147759168
1181880528
1182124167
1131751027
1181910278
1182017169
1181953549
1182130079
795605767
1131619879
1168013787
1178422487
955505879
1097884949
1181902537
1162328457
632294657
20968008
1074944249
1042153868
760685347
1182108499
1182123999
969382338
1138716088
1100635529
1182117927
1184867547
307337177
845784267
1181330848
799670248
818431519
1115221649
1181971507
945758267
879164309
1181970267
1181960099
22768549
1136565099
1097594109
1085293418
1180265719
1005119768
1091320759
1095669759
1183242889
1181972858
1181952659
1168050119
1050111568
1181906767
787981888
1182029368
1181981429
608319647
1181971157
867435719
1182012877
1149803578
1132482427
1035572478
1183224558
1184839599
1005315088
849074728
1182682238
334733887
61301788
1091212947
12665539
1181961257
438724258
1172958947
1182126388
1135955328
1044598598
1174417128
1181006959
1182152637
1048948517
436868018
1181898858
765773428
1113860429
1069021998
886770727
999536549
1182197928
1181960299
1181974247
1182127287
39995298
1182195059
857836857
1182088429
845366187
1181975818
1037408237
20494479
1181889688
1054982899
1125255449
1054243168
1182099527
1133642418
1181942698
1182090297
590412209
1151669708
940016349
549733067
1182112068
718913447
478816258
1182104608
1157422158
1167883228
1182122408
1090480667
941263538
1182036749
1035247408
1182128517
1181884928
960135749
944427497
1095734057
1182090679
25837489
1182025997
1043050929
13810507
1182138047
2302978
22249089
1066509907
985389278
1012222637
1150232757
1017458829
806139967
1112547919
1181938027
1182090649
1181895788
1168429189
1182022487
1023819227
1113004577
1181976827
1182011718
1004110958
162777859
1181907927
1182101188
1116301629
1113417267
672178157
1181995717
1181898818
700756919
963805578
512356568
1108348989
395807468
1181912628
74696687
937318518
1181902658
818735389
1182138427
667422629
1002580849
1065572978
1182027477
1182134459
1158516539
1139362699
327672588
174355489
1181948749
1184389037
934975019
1181968658
761407999
1129219417
1163292989
846795377
1182089009
1168484199
847643777
1182023868
1100393268
11454159
1168452918
1184844527
1140022327
1182097547
873652928
14241038
1181880367
32845017
1182078629
918610468
354833908
988331647
1182094449
1173574987
1108717709
1066132467
1182018088
1181883018
1181996857
848108219
1181945648
909801189
1091176099
922352297
1065198548
1181963589
926045177
1181932937
1027460378
1181972757
1089527649
1182082729
846521748
1049812759
1181904148
1182101569
1185807558
1181892529
1182063207
1164350158
1181890717
894024007
56170067
1139629898
1083313138
14278687
1182117568
1182090049
93543588
1182083349
1126678799
1000295119
1020513289
1080464818
16734939
1180110138
25551329
903060748
1078844118
1182055789
1132369919
1124756119
287666289
628205777
1182008778
951879618
1184959978
44742989
1061715409
1104053917
893506918
57201127
1050533909
1180873057
77768438
1182150197
1182134739
1124991237
1182139907
1104659969
1970217
1152750798
289099589
1182079408
1182009439
1181982049
1063763648
1181894837
1051403959
20708059
1182022448
1169117047
1070538159
1011092627
888851048
1172206728
1144873709
913782018
52333958
1181968057
1013727328
1171142557
1182153047
1124335458
855831638
1013654779
15954587
937344989
546826217
1038753889
1184445189
1123374237
1182086407
1184979567
1064930078
1182023287
1035630429
1121759397
1181910897
1173746388
478279358
79893067
1039074359
977813608
1101255078
39923437
1181970108
1181883998
1182026987
1051134157
929712568
1080995828
1070487038
864708577
828389638
1178362068
1046363567
938249988
1147445907
812964769
1185130709
1182018148
1182015169
1181893419
1183966129
510866699
43239487
1181895389
1182139859
1074742259
1182011457
1182143487
1037899488
1181902557
1144639817
55851139
1181949899
1182039628
1027733989
1011961869
1182027807
171921299
1064557909
1083333008
741258949
809722417
5077297
52564828
1043672729
1181994889
1168338859
468874498
1020460718
1128312558
895270147
608469647
1181978428
1182057378
1181998728
1050952788
393319017
931046217
891121928
904117168
336870847
1181988729
423589278
1062236907
65552588
817729747
723131168
1182004009
779446669
1181888068
987098607
1023694499
1181880978
8597408
1099130539
1049720078
1167393438
1181979799
1063845019
1182111367
342997207
1182026239
1181892087
1162194527
971385037
1111934287
1176102918
965559258
15765038
856280558
1182151827
5004447
1020590128
1158358718
971404528
668351117
1063717338
1181903227
1181517819
1167357807
513665777
1137133419
1098299667
1002653758
1115535798
15844857
1048611229
67101799
1096209558
86286589
1181938499
1182084599
1145823888
32377659
1181951929
1182007619
935440619
1082627899
1182006188
1132527718
340712607
1182024177
84114789
1109368487
1182023548
1072112118
1182136068
8329488
1162224469
1181883609
1166555137
1047701338
985966358
1178805038
345171488
1143034748
749605567
1156623727
1183716918
1182008649
1182089528
1182090579
862850787
1181915089
1181881198
516975227
526101407
1047575437
928367017
1091379538
1010835368
1150924048
1182005577
1182526559
1182152007
1104795019
628557407
1181880047
1181369569
1181925628
1181891519
1181890028
1181990457
1181892697
1152082207
1014714859
1184971858
1181940149
59562778
1181943017
1182028418
1124802178
1023960038
13014659
1081008249
1181912908
1184387218
1182031798
1055038237
1047442078
1181964139
1181880758
1182113209
988303929
300758857
1106516168
1015994238
1181954259
755943148
1171209449
1181887719
380007188
868934727
1181981487
630288017
843151559
974435767
1151901678
758129449
631233257
1041334468
710601449
807468298
1182136209
1156309787
1182092808
1181821897
305666929
1142587148
1019192139
1168405528
1182138229
1019298719
1182043317
1111431278
7903028
1131297597
1180603718
1182151919
1037424819
496118669
1181882919
1181984827
1182082047
857925508
917584088
1181929799
1099523979
955271998
856931528
1182154117
972359398
1181998947
1182017209
1069380077
986561647
14901209
1169305269
559609997
1182014087
287789337
5453069
1181938289
1037212979
961255637
1036714948
846425977
1181932399
1182031968
1095152577
739508239
1182000399
1070568917
760996957
1182024649
1185208248
1115175419
1182150889
1032444117
1182151419
1181999797
1182074909
1177755788
1182146187
1181904199
1181915729
1102604948
970458388
1173461219
796927309
899350188
1182074579
1132404558
1182021677
1181911728
176616869
1182062367
1109893798
1005511577
886791148
797862628
1162098348
1181903789
798239059
1181985747
1065521879
14678479
1055104228
1181996609
856627439
1182130749
1182151017
1175399037
1182084049
1043265949
671046389
1181914229
27865977
978856029
1182114388
842661098
171570599
287133117
1181997629
989024349
1182057089
710167838
1185835377
1068510109
1184955119
1130689057
1181967587
1041295059
1182063777
960785988
1181957058
613257557
1045973838
1104223138
46287359
309772329
919293197
1124974699
963599557
774206368
1095384557
1027907659
1838538
1182068347
1176606018
1000412207
73988289
1174498617
1182111728
1181987548
1107876948
1181998397
305063597
1047515849
1099215079
664077659
417928858
6335808
562370627
1181899088
978339717
856188329
1165565738
1618438
1008236398
1041085748
56595389
1181891527
1104312108
1127232957
1113032969
1181893877
1103059019
1181890378
817146079
839721228
1185810418
1144111267
842796039
1185708938
1182071697
1173326008
1007016939
529156898
1038275898
1182079629
1182081218
1171997488
947859928
1181950897
1181888418
844297869
1139030747
1042086179
11932469
1042054139
309158837
83018749
1050966899
1141787137
1179908288
1173084678
1039194787
1028961617
1182007187
1096683149
1181968849
553243139
631599968
75311688
55053637
970581798
1181887477
983530439
1067043908
1182115707
1045075737
1182084387
1010847847
973893519
1182023848
1042065569
1181974407
1164760929
1183291839
339419167
1150670988
1181915417
1182028699
1178929378
1169827798
739524757
466184218
899410959
1037387609
855572129
1183760487
1055440729
892113558
1169167457
1182118747
1177167669
1001021198
1162626559
1117509709
1045112209
6010117
896019939
1181946868
1026299877
1174160989
1182151349
853196447
937769368
1139438677
1181906417
758745247
753078019
1181911949
845935837
1108936248
1181910648
842292337
1182024267
1046897078
826060399
1071218859
914246287
1047921369
25955737
17038058
1020807037
1182023569
1116420889
22856799
999956038
1112497847
1182027147
837486237
772541029
1168224449
1015542669
946135519
1127078368
857152327
1049198348
1181968858
1181889157
1100962017
1182019888
318968
1181938498
817338979
968109759
1037206849
1096180247
1182480917
309681077
1181894328
1181944488
1182041288
937296048
34475939
972545879
1182017217
1027457177
842333279
1181913669
1182331768
1042756429
856927279
1056982149
335263099
1181901667
58065618
1182084069
842979519
868566647
1182102928
1117870329
1179429528
9456427
812720878
1043813587
1049839
1038751289
1133967068
1182444579
1182079448
627317219
1182128718
935102307
71341659
1181558098
1013007428
1114080909
1181983447
1131763649
1182017267
1181914847
1014406987
1095462079
817350997
898860037
896714539
1064041788
1181964729
1108329259
1181882819
50395929
1051431737
512582717
478402998
1181960887
1181947927
850557607
1008279908
1052479629
934998029
927573479
837028237
1048336628
20469839
1105233468
1108726499
91671097
1181953108
1181972498
591518789
1014266679
1113985698
1047122648
947978198
1182147588
1181964807
1111816107
1156092299
1183007159
1181936867
1181981147
627651518
1182257348
974421057
289308109
1139388899
24993349
1182057678
1181966608
1181894547
1090349018
1181884729
1180175247
1059025108
1115339727
1182020738
1182142388
55117137
454098098
889546979
1111211059
1182035298
831703549
1182008179
832849789
1182021937
84952857
843360797
466458958
1182131189
1004440398
165214669
1161848309
1142160888
1182023557
1179457308
797273857
26351319
8871548
1182105339
1182092359
946810368
1077923789
1067965118
1181944807
806363128
940908867
1037946129
889037427
971254657
1182152108
756081208
1026398409
877794337
1110520618
1048990847
876482547
1173007008
1176071669
1169086107
1077780548
1094724868
1140227169
1181943159
1182151568
1181969327
586898057
875247747
952063499
1054923407
1181905198
1168091058
37866689
846911517
746613439
167314739
1179339639
27490218
1185820737
1182032928
1181881488
987314459
1152576277
1173484127
1181997508
918739449
1050668519
78087837
1181967348
1066590749
1182139307
47802138
29866877
1182064687
1182110697
1181880457
1156487788
1067943819
1152662638
1168011817
1166581997
1073838278
1183393707
1108163398
804275368
1183320408
1182143808
1136919027
925869888
1170399799
1673478
989626749
1181602908
1183460279
1181965927
1046491767
1106192457
850993347
76220218
1185674657
1181806669
1182100368
1184218958
1019690457
582352589
1182007607
1182077707
954282397
1081057399
1181940369
1111205748
1139869079
1182015419
992823767
989629569
1132498518
926155758
1182023518
1056618878
28337988
598402559
1181895028
1143068868
940532439
991532898
1182020529
1037648809
468092778
1181939068
1094600188
1144206937
806078068
889812799
1173773517
1181989507
1086223119
755904487
29629247
89262429
1102116208
1182545379
973894068
1108870809
54404067
879296899
933500667
890213928
1128624117
1095484327
350772348
88395488
1007797177
1182017897
36590337
1016821478
868992659
1182087748
1181883629
843078158
535724738
1055025537
1181897219
1145021909
1173645558
1169139649
1129181159
1182140377
702226637
177591989
47585048
1078925209
1101183448
1144842438
895393817
1182014209
1104973148
1133752208
751509928
43447479
1182140298
868684119
1168443877
1184995699
1032514237
1182032137
1139172439
1182017937
1178395458
1098345528
1182103617
1182422157
1095376299
1182014647
1043734878
1158086197
1182092899
553516127
1181951457
1087102858
647285798
906257737
1131071008
1181930728
1102527578
1065694107
1181987378
862391469
1011560547
1181994409
901061697
1177361788
1100682378
675794288
1181898398
1182148528
1182118918
845741368
902282988
351193448
468893058
1181881449
688721648
1172436747
1182100829
1181913258
966155617
1182015927
913896889
74107919
1182078568
1182048089
770350018
1182148537
611468729
913759528
1181919519
983515568
1182007348
772999279
1181883768
25687237
1074402029
1092792077
1049390068
1184038497
1182112149
1182009417
1181903468
1182124859
954730387
994129588
914279208
1103640129
1181911389
970464807
1181981308
1182010008
1182087878
1181934968
965851199
1181976937
1046402667
17073357
1182074347
970997438
861664478
29422628
544339619
1182003767
1182027489
1007716897
1181996899
847976449
1037780448
14757427
1171499358
1182004518
1031032919
1178057489
712427927
1124533637
1049371039
1182008517
1182022607
1095395037
1182081267
161750029
1096387059
1115252077
985508408
1067886078
1044036168
1103315857
1181894338
566630609
1110988478
1184437189
1062958127
1136029799
1156434488
1064992109
1182068159
1073735048
93216188
1104133188
1185659987
1181993999
757917997
1176508757
1098278657
1183555099
942455917
1182001758
1182318237
1073826097
1182133818
1872027
1181887729
1074254427
1182030358
59049848
1159865079
396538848
903527068
701984429
506629778
985628999
1002730158
1181923679
1181991779
934463157
753434638
1181900668
1173249158
1182070917
1181572579
1185719817
1182461009
72664147
1128557977
1085333637
1182009539
42402918
620876099
1185015017
1182095858
1182126059
1178615129
1164904607
1181986689
162117619
1182129138
620471888
49754488
1185078178
64379438
1039557608
1150742167
1181989798
1164842567
1181997829
1046248199
722869427
1146870157
630893627
1181891337
1007260899
841447789
942187738
885664199
71213328
1092494908
5432629
907870307
1181939627
39878408
92256717
1061044447
1182110067
1182038717
6424447
626661287
1182433017
1082195738
1026300079
323850278
1046251617
1181899659
1082437129
572190599
713073368
888370298
1145327008
1134415439
310207409
1092000847
1141284959
1082569748
774299317
1182000508
1121846318
933065567
1181903677
89107609
1182006217
1067073417
934811838
514469369
1056818769
1104194977
1182148487
1040617189
1091648999
1055021847
555253517
1181893207
1181947289
1181948728
338390487
927298087
688337618
1181951509
897647029
12168307
653578349
61207278
1178060897
1177769778
1181997487
1109609597
8906397
1182026148
1181985228
1138743827
833523829
1181941077
1181993759
1168997377
1182151147
1006280177
1182039188
1043450228
1074841669
867776979
1182026008
1179716647
1182090089
1182131219
850171099
1065889769
1182104448
877204249
1153047837
1039848057
851576997
1182091748
1038955107
1173413389
1170601418
1182025827
22325258
530344769
890660469
4952147
1103803937
1107742698
1181888807
1182139808
722315267
1049878007
1150375549
1181923507
722581889
1181899089
1039911557
1181902769
847941229
1181892419
1181956637
1182111737
1103159407
1077684647
1181899877
1181942579
581848067
1178425528
1023812559
594148178
894332817
1181935199
1182122539
847223098
1181937268
1155904419
1113733897
1181982989
961047089
1003472689
418995998
808718098
1181938929
1181976537
1156490938
89799948
1181978908
1029595448
1007016458
857930349
1182063379
953537229
1176502068
1169405368
941265109
75545577
1058289818
805201648
1182116749
1095243648
834808277
991345649
1181964969
949641819
1047112727
1073826047
968611727
1018415467
953592838
1181880398
1182074209
841985979
1181974797
1182001229
74126607
1028471177
1175174177
963202448
1181980808
1167188418
1076927937
897647089
1117350308
1064849018
927251769
1182283549
680217038
524874758
1179312809
879069968
1182079478
1059396727
907223637
967747308
863103477
1182008589
303593189
1182094068
1139616598
1179086297
1177360677
309323897
984534667
1178951179
1147017759
1182091778
1171798077
668913719
1180488479
590456177
2014778
1044466269
23298177
1133400108
1165012037
1182117458
69817977
16579669
1181896388
13919217
1182006159
1182039367
1053926519
1093983019
1168625618
1182079467
1182113428
83213908
1181950308
1169247618
160498
1181909899
918553799
345511568
1163343489
1182106269
1162291497
1062456908
1058621668
1181879979
1145860259
1184960689
1151433928
1129396688
1108557008
847345278
1182143659
846606909
1181946078
1181946118
1181988338
947354189
1185350739
1051906938
339239667
1182127099
1074546149
963883067
1182078159
1069093869
1178364109
1181993018
920378407
1182037089
982543399
813953017
303568329
33759358
1022199189
1181987907
927105067
1087957069
549982607
1182072337
1177197747
1182063499
1107873657
1026857537
1182074708
702257309
1004602409
914275307
1030063447
941667419
1093678228
834791417
1127015717
1099644467
1028851847
1104205199
1181944278
1165652657
965473057
1181963497
1181995188
1182139047
758210068
1183139699
1182028857
1181909499
1064868129
754434778
87652517
1182035179
1182122028
943822167
936939598
1182015717
1182009637
980492359
1134151227
1183314988
331135907
1182148269
1183929637
1184738467
1039145377
1130628248
557495078
1066933897
1181901537
1182116847
1185369147
1069192948
1124675148
1114556278
1106038159
1046536778
13520627
1183223988
312285337
1114273747
7022767
1182063119
1121147878
1111283997
1039543217
30026597
1124578088
513210578
1146191718
968153957
1184199617
1169670677
1185204149
1182116459
1182015467
1181939247
1099669967
1030395578
1128602949
1095712507
572477
17202147
13901727
1181887679
1111638969
1181998439
1094615689
975899709
442440458
1023842658
1092866247
552181787
1008374428
1169174898
64609967
1077674779
1158061059
1181887937
1181889469
1025233069
868845678
1025442979
817285528
357262168
1162768219
1164877697
1057144348
1182016798
51093089
60926908
1071037719
1181953517
1013646629
1182130398
535874909
755693797
1103103899
1181891347
28640378
1182029427
895259078
1182096917
1031941407
1128163957
1165951508
546427007
1184639969
73813408
1170128609
168486099
1152615998
1158883189
1027762258
839987649
1038730638
671579798
1100835269
1181940979
1045192279
740747809
1156218217
1130124277
913971788
1184019748
80433658
626046497
1010769279
1180161307
1181294367
1182036438
1182117277
1098518257
1122564849
1178205498
1150920838
682489067
1182121997
1181916537
1181883269
975862357
13703259
1181966708
1031509748
1125225809
832866997
1182146219
1181937437
1288108
1012971598
1184666679
1181932067
1182109237
1124255039
1185002879
756946147
1182013988
1052733798
1114258419
876991667
32223369
1182133819
1182065557
1182059087
11117649
80177148
1181913107
1007890448
1181980997
1181921208
1182029668
1108272418
1103100478
44153179
1182073049
1169467948
1103449479
873399147
1032719247
1137755139
1005733378
974064427
816186367
36193019
1029491297
1181973799
854608918
1067957708
1181951909
1048753409
172448579
1101016538
925058257
1164487219
7247847
165864909
1109490218
13494869
1177709749
1182012408
1181998278
852978759
1149202607
1008747039
1182014617
20288729
6974777
1181884228
1019927387
842636648
1064642728
1054196808
1169983418
1182005658
1181898877
1137140419
1182020829
1088925988
1052164628
1067666858
1182082349
874069339
318716267
1051705409
1066156318
1024236278
1121964109
1182173477
1096201787
1175498268
1108518428
1107806479
1167105887
1182052737
681258989
91176737
914687187
1182058128
1067414558
1150409599
1182000449
8717637
1159666707
1182032467
1181891019
1095978408
1148913928
928630817
1182009488
1182143209
1178933837
1076800649
1181974449
811367509
1037899167
1105499229
1134051907
777731797
1038374869
1181903417
557767118
764167378
1168737479
735759839
586798907
1181882737
1176308938
1170469758
637925519
975482909
865668018
1024622349
932986468
599681837
74872097
932195009
888390307
839283787
1182066049
1107468147
750583129
1182078808
2451648
967627188
1182102857
55786997
13757928
848008128
1181956387
20287409
571622909
60520148
1181900048
1182032828
88941849
1152806579
1164456648
1182093978
709520327
676789007
1045367399
1072664287
855758298
1181895877
1181946789
1014844817
648531557
1124591687
938403918
1181885247
1052420568
16551489
455559778
1182073939
318512447
451541198
930423079
1182018038
1047073057
628489778
1124841828
1014274559
1012210749
1174973129
1181888887
1002151227
954086008
798627247
1026436558
963803247
1150834028
1181986077
1181885248
1098243568
1030004377
855820207
934965578
636738908
1181900078
1144978597
1181981689
56508499
1006702439
1049018688
1158806908
1071826377
907967278
1094706019
1072889289
61202459
1073604879
1176806767
938545197
11705258
1124232129
935074209
89544979
918743719
339035367
759887209
1182030479
1047932818
810719479
1038199838
730301687
1103498278
1167727659
1182119319
79206258
1108437009
1181896957
1181898967
1182006038
1037583767
1126614419
1025971538
1065454828
1048729518
928983328
579978638
841607758
33353888
1181986439
86754148
1137724218
1075816779
1005548908
1181885187
1014754338
1046909718
899782109
1162263619
1181894168
1000507857
1011599897
1171066199
907782898
1182007849
1183534257
20384399
1036885518
1110843218
895864219
1185854169
1024931277
1175161437
1181085237
771214387
1182124117
1181902719
1129708588
974470058
970968278
926003507
830441707
1180197947
1182080117
929769928
774952087
796877857
704499767
560154719
22120919
1182420617
794894269
1181886449
1050130048
1115971317
838580978
1165234798
1181892097
1182134419
811379038
765487987
77532099
947388269
87794557
1098332227
1181971017
982718378
1079713709
1181887587
1013647627
60684518
1031835519
530342579
1182036528
1182041258
1176994609
1160270717
949687217
1074886649
601784108
1149795627
1178537989
1082625787
1181882138
1181912217
1182146469
1099359188
1182024918
1069220269
1163357848
855342748
889364637
5189438
1181947367
1000576919
1051791878
1122040748
1181949808
1039164158
1182115678
721492259
533997209
1182193658
1047795147
776166538
1108853129
1061324447
1181999159
1181923208
1182102998
1181903478
1182003107
1182114417
974290197
1182134579
536883077
1182076727
1099396567
459804678
1019359129
1120041979
856073238
1180352587
783455587
1181886528
1182034039
1105392318
755383138
1181961788
1084119217
1182302987
1182139458
1168376667
1184935379
1181899068
969235049
1099607899
1173688608
826352158
1170722977
934472047
1016995048
1041153087
1181890579
895585068
916347869
835432949
1168622277
77157199
629534579
1056372528
68056218
487690578
11479818
1123378737
1096702228
1181901858
1096185857
499605398
1182022438
1182075097
982147148
1182104249
758235307
1182066648
1033470437
1181946197
1038860058
1181882477
1182093488
1182022629
972315188
1181938537
1155441747
1182976907
1182552757
1182056838
1182012009
1173092957
1181902128
848103058
1182112017
1064248128
1174872348
2251957
1063371149
755884429
168930129
1181880369
1108806209
294902609
1181564758
1064494929
1181939038
353210248
92147719
1181997579
940799778
778207798
1182118727
1182015877
1184950309
1011349248
1158261287
1095370448
955119649
1088299767
1182200938
1181953659
877048989
1181894218
1158134527
352921548
987061259
953172797
88204847
327703588
1062910959
1137852057
1034319899
1183665268
628223138
1053044697
850746438
496157447
1182110017
1182145027
1182063858
1182010618
1182152318
28538067
1182082109
1035864047
601566008
934903527
1049474447
1181947529
1182007967
721775498
744712807
1182011007
1143397559
1036614849
1047257658
1131327247
1028679847
835555357
1181965448
1182009817
1181886478
1182008017
1182027189
1076951159
648163028
1182006719
1006332587
1094633799
1031895378
936730869
75871939
1042086237
893899538
1052793899
1082433969
1182348908
922706918
858744238
1180270727
565965437
1181897457
1181897387
1027845179
1182065489
1060413257
1181953809
701842277
1012092348
797736208
835443957
1091923179
1181949188
1082772889
1182019837
1159293388
971447927
1182087647
416191778
628924928
556970618
939159159
1177474507
1175296748
1185715337
1184162649
1095800277
752664667
621012269
804144007
1181887749
1182084269
1181893679
308317
1181886819
1116856418
803416549
1182124067
995314437
1181957847
83108647
1181903808
1026703229
1181911359
1182109658
1168158217
1168700118
1181923168
1181728817
1181906019
1182078778
1144242168
1003514207
1100592017
477186358
1182030008
668313608
1182080297
940912799
1113373338
1182088707
8738589
1103577299
861393309
1182142588
881366768
676290299
1181869869
1182073787
1105998587
686911958
857261918
1181886647
1040175879
864686307
843139767
1182018807
1123663288
980687769
1181524767
25435798
1181882508
1062897107
874564037
1182144757
846541308
1181907688
523705097
1176996028
1182069229
1182144799
1181954069
767299198
1097207209
1181923848
982999288
1168116178
1082292648
843841549
1107910838
1182025639
861615558
1143633047
1181982728
1131778069
1182092048
1181971167
871055777
1181943957
6119959
1182085148
1170400427
913788938
1182023788
1138110728
1181980248
1076018019
10514839
1057852408
316561287
1182152309
1177733559
888861257
1030882979
1181989958
913037109
1182144177
1181975197
1179689019
1164813258
1181200958
1095771709
90910168
1181961067
942096549
750646678
1181930019
1181904598
1145329567
1182034048
1182110007
1182023248
314867579
1183551539
1124301638
1052849867
1181918437
1133706459
1181904928
1181971768
893337479
555277817
1139612237
369383788
1041372827
1182123408
769190368
1181962759
1182382388
1170828778
687204338
1018904887
1039158317
1102450818
738079927
1181888668
74977358
1182034387
43131577
1063785939
459666358
1133455547
1183059097
1098859399
1128299449
842537239
1168585707
1052536319
820474648
425034338
1182035617
817994479
988562357
986066977
1103536029
33877118
1181941369
338324479
1063782419
1181891097
30914227
1053681019
889969799
1182154008
837725827
31173879
1025887828
767344318
934921649
423087238
1085457909
842367178
842513709
1064698249
1181988199
1073522737
1132366839
1138753967
756725008
27723609
1182122229
666763727
869206409
1182077589
705417929
1181977228
1181976609
1182034789
979444199
1182066009
554416898
6705089
954482269
1062139377
1181973679
642774557
1181963378
1162134779
1182035799
1182006169
649748837
1185875609
1053031549
1108401568
1182033687
1182006319
923134568
895863709
1181993478
1125586258
1181985128
1182018479
1104296548
1182066559
1088287819
1109921979
985916369
670040309
1177683799
1139154229
1182102329
1155025508
667385669
1182007988
851650799
530213969
1087404277
1011436207
553507559
1050148839
85798818
1145992728
447661458
1139175879
1181890329
1074206118
1181994177
9669218
977761159
2593987
1182030937
900194579
1041552678
1158866348
14069659
1181990208
750071167
1136233039
1148521948
1087938347
1181887649
1181909947
962851998
1185328728
1101691278
1064134858
1033495748
341771239
696218297
1181895798
387847388
1105584048
1088460647
1182132999
1158081578
1046155387
1169290408
1181909228
827498158
1181973378
1183807457
1164580957
1095415427
696931817
859062337
1036239639
864503667
906333219
1181986747
1106770078
946829329
1174231448
1182120439
1163645837
524079719
1182128307
1182028799
1149381969
1181953098
1148964009
773129938
1034144247
919216029
1181909658
1181959849
1049673939
1181982467
1181988677
1131277378
1182107507
1113472358
906375439
1182014427
1074342058
625969748
1095360867
856696678
845927958
1010733057
1163113439
42404589
5474557
1182129219
1181956409
1034601769
1182147337
1051772848
1160307157
1181989949
1182038979
957825608
1041086637
1182102958
1181988078
1182064978
1015347117
1181999097
1042206707
1018855178
291354009
550368719
981707567
561082229
1184815529
24706658
1182022908
1181895249
1182488999
1007778358
83343477
1181911919
1016785417
1181886177
1041899328
961054038
1181910049
1111996067
975882169
886791067
476874618
55703167
860587269
1178005038
1182077178
1181955158
1181968338
583332518
1182074659
1181957759
959936337
1182025658
1144112619
1182027258
1182018687
1181904739
1181939817
1181959188
1031364797
1038622178
971325488
1081879497
1181926318
1034943237
977189249
1128204829
1181879997
1181979769
678961088
553179389
356782408
1182142928
275828
1181895227
830092807
1181900009
1185823729
1014094728
1146127577
1097517988
1022009877
1104345768
90573247
1182053989
1050835418
1134729438
337985079
50119709
1182065038
1002129637
1100502589
596811857
919086867
1151011158
1182113538
1081116648
971154488
706633817
1173419138
427875918
1185188527
1061725619
1181981808
1181963879
1048242607
1181944727
1181891857
957901878
1181989027
947133228
1182713038
1158198139
1181989838
1023699717
779636518
1036045529
1184800938
1181941479
1011146127
673951949
1181891807
1181934609
1181886297
1182370897
1181897968
1066831148
1146086249
1182123329
2624767
1183843928
957922839
1025373808
1158358468
1181920798
1182011709
311305109
1047538587
69505139
1095595689
1071282219
7422448
818352298
1141817648
1181974339
1122613289
1016129507
1003996789
1008543208
7454719
1167623537
1159382019
712545518
865369647
1184212069
1172839247
919172449
1064862457
1139099859
773117278
57021729
1181901078
1131349489
925687937
1082600538
945939118
1182020327
834800998
614168747
1181881288
1165256058
1015375998
1181886287
1051683838
947560449
86777628
935069537
1171802929
1182076339
309245389
1019754227
1110310109
1182135927
485084258
1126996218
830041807
1125308938
1182349598
632266928
56735158
813153787
1098209638
36414178
34655339
1182064928
1181958478
1136178868
1179922679
1182142508
1184449527
767979829
1181961929
1036508508
1181886488
1168730248
1046542479
843610747
1181885798
1148531418
1181884537
1107249017
71888879
944693269
495724388
1118086487
1106810977
1138976219
20941337
860449499
1184675828
1180041147
1182080397
927103748
1033273668
309310449
701709047
1171618398
1014107888
973809389
1178344879
1073650839
1099108129
836820277
1129376589
1106630469
905047077
1182149788
1182005228
1182003589
1139367679
86327977
1091065069
1181968879
1149685167
1010623477
965495118
1181885189
963462058
428601378
1181964217
1181929747
1181881727
1182026168
20615639
897601107
863698349
947668358
1181902969
1182005968
1177257827
859543388
1182029038
771464329
924712559
1047958247
668865839
1053667917
1182037788
351628148
309995437
713180969
1180241049
774756988
14231358
1181914718
1178343329
1038412439
1181182458
1181881097
1182145627
66213789
1065021718
1185151818
1164336308
1146970477
1181941879
1181957089
1095543728
1182063158
1181981589
1179748959
1181902559
1074182808
768290188
5414968
1182121379
1181904348
1082140197
1044083887
1181880277
959214559
1001042998
1181961028
1182010988
1181998688
1139059829
1182904467
1096219867
1181969129
1181925337
1182023779
688452278
460617638
1181898639
1184425549
1098426828
85268478
22253358
1182027989
780334069
5456758
1012150027
1182054818
1182023997
24364677
1038511249
1132742997
483304178
1183040438
82064358
1077512368
1106548829
345004888
846292877
1143845049
1144867308
1123365669
614776577
1182009527
1103631648
1169890129
1181903779
1034108527
1100842617
1145255907
664487627
1064102727
522308189
1182136839
1181973898
1113427878
681247259
1008741067
793830799
1179109607
450909758
15177698
1094665138
1181079069
939052879
1182108569
1182097439
492879778
1181968607
867004828
1104014699
1182062378
1168969568
900507977
327879228
11964538
1139127818
6726389
1128949079
1181968828
1182144998
1128376987
1121976308
372288068
747345067
1182129738
45734159
1094447928
1182013707
1183832298
1181968259
1185334147
1182010159
802209229
963672907
330362799
1086912509
1032759527
1181899887
14070288
56157897
45742039
1128174087
550102778
1181886677
1182060858
51994839
1184528478
70370978
1171373507
769813429
43357268
839205827
571157408
1116887108
1182140428
2927497
1094588337
1184843619
1182019907
1182081408
846790068
1181908598
1074367108
1181955448
1181952568
1182030667
847653878
983506509
1181973738
1060863788
528701609
1182002409
1050725307
942187888
684689447
850227659
830965897
817192849
785501587
985655008
1181969509
1062324749
1181964098
650082278
1162991547
1181953647
1181895578
1182027819
1181969078
54135649
1181935968
1086701679
619296797
301837597
38304637
1182079099
942534409
1140947888
987080218
1181976739
998719437
1143615349
1182012448
1181950137
516578909
1062641018
1162282529
1103560599
928053479
1182123297
1182127969
1181972978
1182086369
1181909617
308689777
1182022809
835837449
1182144487
1182074667
1181885557
1065309488
982607479
20173788
980479839
1131330228
1182010228
806148769
885304689
1038059879
1181901229
1181906659
1182132777
1092740279
1181883327
1103551069
499988288
1011653639
1181887549
1182024499
1055375867
1164412199
1174393698
1182051948
847254098
1182007687
1182081268
869619017
1162256798
1151351169
1141179
80518997
1139042388
1014136947
1182082098
446914218
722016857
1181963237
905497949
574697567
447073918
738853618
1182031777
1182081017
1010100019
1182022168
1182047358
1181988499
1172900868
1138657549
74555119
975594859
1162886719
1180457119
1182059209
968115497
1050120018
1062836519
1046324999
1181942577
1181930708
164400839
1181951348
1116711678
1181939717
1182091638
1181960867
1115159198
935935019
1123502498
369602648
1044383878
994844067
971289397
80170597
1183844037
1013134787
929091199
1068564828
669540878
669814217
1181964748
1183104548
1065093957
1181974489
1067853367
859168187
15062808
1181892487
788222107
1182782187
10792857
1034104337
1180704829
343323828
894257008
1182138017
1100959857
1073053517
758955199
1182129228
1037630587
1045088298
782536789
1023538759
910983687
1182078517
1124551249
289141677
1182064527
1184752358
1182130049
1182006678
1134892548
1170580129
1182118887
1167390959
73682877
1056282529
1182003338
836206998
1185869858
1182132599
368261048
6300107
1181892227
669529169
1181891529
392531058
1182682439
772589269
963209498
1065220857
1100893458
9595038
29719768
1064829177
1181886789
1182117388
16561108
1181969779
1181973368
775282669
942203999
598908347
1136797897
1182036218
710298389
1181962148
1050369879
333199279
905349448
9029699
712904168
1182108057
558589709
79241557
932143838
1173343448
776054509
893030629
1182034547
1008749958
1182020037
926788937
930218809
1182820318
1181883107
1103845029
1181969218
1013509117
1111506897
1165671268
1181993239
1063987747
1181974999
17293809
816890197
1143758847
1096307119
804271789
1159036368
940866217
631270997
1182116888
849836259
89745668
1181887027
316961739
1075145118
1046494727
1181962717
972489979
1167611408
1005226068
835564738
986811147
879194419
925916548
1126667897
1081356937
1181894627
1182059479
1180825977
1182123339
475197918
1159532788
856142328
943595189
847503849
1147807749
1182144297
543505679
1182010439
1178037428
55470358
939507697
938755238
2211837
831367819
1062954417
1181948758
1181911039
1096106709
1112697637
822374059
1181476177
1182108848
1057535168
1171591908
1181987177
335505987
1123804918
718841009
1182124327
1184551707
1108765527
1181931259
27608858
1182052368
44383999
2266387
1182143017
881044517
993443377
1037827008
1182109528
86198967
1015757147
1182114648
967926467
1182115709
1143093877
1181898949
1122645597
1181907827
849594038
1063273099
658115189
1116801589
29635077
1182023489
494376038
1070722799
665465489
925592598
1098792259
1181888947
1146382838
1182024167
1182122079
299692949
1182005129
2779958
1182006427
1182098528
1182809407
842398988
1181995808
1182009729
1182061408
1095914478
851116558
1181977358
1184707737
1181947798
846055257
1181880737
1182111009
1182000407
1096435349
866047689
820059298
1181913448
609006227
1052226518
1061556248
1061717388
797329
1175633949
87830077
1031539888
1178907787
1181903749
1182012258
1182026838
51978079
1182134268
1182114008
1008717489
869162538
1176481858
1021658127
1065447129
933740499
1121215467
1184136259
761711149
8510458
1173733528
971766119
1182101759
1181976408
1182012059
869420627
1157920357
1178560318
544785287
1181901499
1076113989
957514339
1073585199
1182088218
1181944779
1181981129
1153050427
1182138399
1182024219
1181948427
821316667
354503428
949490579
846892429
21231769
1167451878
1011324208
14116067
1181884867
1165254449
1181954137
653202449
793714777
979032268
340097287
1181902377
1145232078
695529137
1182047399
1182109349
927651908
1067093657
1182029417
1181943879
1073654437
1166082799
992613388
1111548677
1182103497
1066398097
643215698
1130150357
1132721919
1095691869
1096280849
1181124907
1185458597
1182090147
1064068468
1117084518
1182104098
1181896569
1111615598
961432437
1169787008
1182144659
805859797
1181921919
1109039817
1134323858
1182093887
1181985157
1132286439
1132308018
1182010868
597801149
847531819
1181991817
1181915708
1144083989
1062402478
1182089239
1181980738
402327968
842808307
900832099
1057373599
1182057899
1064083438
1182043209
892499249
1152006859
1182084517
1062509529
17163368
6159988
1182036947
1132230427
938940539
798229198
1061726918
1182060639
48178637
1053736519
989786309
1174778579
1181955817
1106030488
1159418138
1181887208
1181969329
1181894678
904468879
852710129
1184805067
1175637319
879254447
1013752439
1008956799
1181932627
1182135848
632059037
1182005629
807412897
888981469
896223478
1014292859
1042254829
5693728
5061747
1058808397
1181899208
1097697947
1182093419
1009272729
1181903047
1122219148
1034275937
1109784828
1181989929
1000675767
1034573169
1181880249
1019845118
1182035718
880243509
1181888598
1181895369
9637278
794163319
1184712208
456747858
1069679167
860097668
1023640949
1182031487
851784228
667186799
1008773259
1181991059
1128504037
1036930349
50975788
1182057957
1005576177
1013187899
1171503358
799030999
770970079
740758318
1162926847
1084287409
806473057
944707147
1012673597
589881608
864524778
1182114517
1009174718
1181884998
1049162959
731912387
1178959278
1114727217
1107093197
1181886049
1181881379
1168955697
976806849
1030437708
1162277908
82649909
6159849
971595288
1182026469
1034273357
893739778
1184287048
1181897628
1181954659
1117381347
1183229288
340056079
1184370207
930915207
1181957767
1181890879
1033288778
855710068
292010389
1182119927
1181909109
1011608989
1181967119
1002665367
1172352298
943589449
1067638558
1182125238
981245038
16676849
1168414418
1184156078
1181978388
966763477
1182001167
1181991278
1144068287
869291268
338499127
1037155947
162396179
945786857
1048633999
1022305767
1182041229
1065965917
1182025768
834527918
480399018
1061013619
1181960907
46169528
1181908398
1181994097
1181940917
962603527
6555867
1182082659
1182061749
1181992398
1181884167
1181961307
2570817
1171614007
947557508
1179201319
1112776399
80489527
594617009
1182112247
1168358278
1182033917
941431549
1176263139
558200027
1056745167
35916999
933394249
1179866899
1182014508
12029117
1134743529
1182109367
1182378048
979944218
909509558
1182229639
945578088
436536198
1031006859
1076189997
1181955539
49268929
890911689
1181982237
1084198679
1102756008
1181973697
1044403919
1182129317
1181953867
1182107117
1182140397
1182895318
972336897
1013676098
7267548
875356239
5502229
1182089989
1101607059
1181990557
1181980717
1052399239
537356657
1181931408
1093403198
1169288568
1182115169
1184567687
923540518
1182122407
1181896578
1126297748
828386479
1181942867
1020517828
1168864839
721292837
892543038
1168934199
1182132287
1068965767
1077361048
859286977
1183192217
1182108838
966009639
678772487
565451837
392069409
1181914489
782501128
1181968249
1072102477
895067228
52056119
1182137899
1182124418
1182154248
1182028648
1019314238
1077500987
1182135219
1162910968
847246478
926712708
9245557
45838637
736587788
1037872898
826461859
1012921627
1166139368
1182006167
1114469207
1183358118
49583139
1181889498
1023750828
1050360499
635568869
58844448
10168648
1161810418
1181958329
1145082029
1181949657
1038387129
1181891908
1182024818
931276399
747064459
1159568528
1096114109
7580157
1122216049
553663358
1145184678
75547068
894171287
1182092449
1181954709
8327817
1181910128
7294059
556814408
1181897279
787205809
1073782319
1181942979
853079237
1022159807
1183200219
1181883949
1181947587
800762308
1182127649
12266919
1036966328
1181907717
1010020398
51931719
1182075657
1182024037
1145375697
823907128
1033821758
872294978
1117846007
1013818168
1165190348
317761947
1058343138
1171753958
1185632798
1078722578
1011040077
819997408
1178908277
1005634399
869720189
74173559
1146127069
1182085858
1181971949
177570669
38958377
913141857
59077618
1182103498
56888758
1181896158
1181895648
24719958
1181912449
1181964548
986849288
1008417817
615506258
1182061187
36807467
563581637
16187388
1181914579
1122309148
1077415667
1181937649
751944037
31944807
1112500848
689281769
92942388
1181969297
37679148
842300857
1118082239
1143977708
53885318
932958399
625309658
1181917818
1181953239
971467608
974264008
1064459869
990087837
1182048189
1132402518
890794057
1182089077
1069902648
1182084878
62146287
1182125688
1182077478
1130465347
1182024258
1182011928
1052109627
1041135219
774472828
1181906168
1184768207
1182021479
1112849597
1100384477
1181882738
1118336557
1181969568
1181984268
831827059
1182137309
1182018659
1124961999
1182032117
1129616497
841993998
1137617637
5361629
1182129927
1182022559
1003336339
1077955469
733634519
1181904077
1182034338
31565629
878664748
1182082728
1094998547
1182114197
164869829
1049786227
1182138007
1182028309
1181967529
629254418
1037779667
1103347348
1181895009
964462438
44899317
316666827
1018151067
1041101949
1077164729
1181957939
1094459629
162356189
1182021058
1169492139
327874808
1140311298
1182125429
13939969
1065555179
1053773479
1057620639
1049975418
1067283528
831387748
19724297
1116043678
1181981598
1182057008
1181885729
1182013498
1181886067
909686548
1181996708
1182011389
1182107019
1138918219
1182060129
1077727387
561462767
761954359
909489857
387149668
918151079
919115957
1181890399
1159665697
401577828
481189978
947140879
405845428
1018929748
1181957849
1089868727
1182022708
1182935009
1165170467
1130389128
1019335527
1042396228
1048860429
946870589
1181999858
1182139397
888392049
567179189
1067973047
1182043449
1181897238
1037310368
1168504987
781861768
1180243097
1181936068
1182082308
31237837
570419477
1073640769
1130978689
1182031318
1107137677
896337358
999157829
1181976488
812927749
1057381887
1071904518
762428539
1020647309
1024878237
1182062409
1104318738
1168392637
895879598
1173174267
1013994367
1018853588
1149376099
13554847
906344158
988226667
1184968819
1182108439
6920149
1163831677
456832258
940802629
1182144839
903971187
582519359
1143280737
1030583998
486247878
1181997149
1181881608
1161931527
968793289
1143065518
1020744509
1182003977
1170673479
1077532529
1062871749
1061347358
979439627
1169634768
636514928
836533829
894253857
1181953058
860806389
1181945717
1011787119
1087979668
1183314567
874457817
9906429
1064999307
1094454239
1182084598
32721007
1181884447
914110117
941340019
959806449
43365927
1080948788
73129579
1171250459
1181887399
893526767
1182025708
1182120889
1181991088
1182004118
1162662979
1150698629
1181983589
1182034808
890278389
1182021527
21004779
1074646178
40639908
869220189
1181920867
12222827
1182015269
535303169
73686088
813615709
1185008177
1138793037
1182029398
626379707
1182006227
1181898159
1181881387
1181921358
1182122878
1181906628
1181979819
864337909
1097583907
325566108
1181910018
1181896739
1182032598
1181883467
1168062489
1018459648
1163338539
82907709
1116742928
1046086499
975814199
88240468
840007017
1101888518
913823167
844955949
1181986647
1181892827
934541219
706439078
1182020249
903057989
1181889818
1016996567
1168864148
1182084889
1182099269
1128824119
579697739
1183334927
312523889
89433947
855070569
1058955888
1177184349
20457337
923314138
1181886298
943317299
1114611649
35513507
1182068688
875178349
1184263858
848148419
1182149087
2560817
1163089267
1181956557
1055127179
1181988889
60949548
982477377
1132737629
1126609099
1168987939
50244449
926771919
1182115749
178155919
847501489
1182031908
1182035739
91512038
1170327638
1182093028
1182101628
1181899808
1181945658
1182006219
1092246787
920425087
1181976837
730362179
474735558
1008532428
843663188
973868528
1182422078
1181960507
89150537
1181978419
1182132137
1168754728
974343827
1181939597
576205769
1098348767
1182119468
1181958797
576464087
820105558
1181963168
722374907
1056148979
1169163997
1126634009
664226048
407509847
1081017177
984801309
1182120627
1182024437
553250618
1130420987
1174896717
709273787
1182350087
1181948449
1182132528
1182709348
20606018
1071003808
814212358
1181239629
1141587349
1079029858
934001049
1049904427
999904128
13352868
858206678
1068928309
494423598
291285637
25946138
1183367587
1050411417
989401089
834551258
1038068559
358940848
1152667479
1006747439
7610169
1132075878
829266808
1181898607
920715368
16675809
1058743498
1181991498
1116852347
1041355329
1024345489
1149579527
1182151358
628218797
1058028238
1176513069
360994408
16192467
695876108
727000198
1182013718
1183912498
316247859
973592927
1075364628
1049213119
1083905498
1181945907
939161829
1182024527
1182133689
1006664709
1182022618
1181954999
1126548179
1024481239
550799357
1182020837
1182134117
967065818
1181934549
943788789
1174951397
1181992527
1182099108
672418988
1059306817
514290368
1181912159
1182083767
1173556858
1029416957
6959239
703253447
1181944899
863708899
1182879657
1182010729
1181908629
699255317
975667417
1181968699
1182153617
35242069
22835039
585320669
1054099519
1181893119
1185232588
1182069368
1182135467
1163798737
933761607
1181909238
1124570068
1018848228
1183203547
1182079958
935429378
1150029039
1181895947
1068396557
1072293579
1094821317
503113439
1182127407
1182121838
1104095867
1177634998
1124755298
1182025918
854703478
1181886958
1181902098
1182033329
1182127489
1181886927
1072680637
946353819
962448947
1116005978
50245538
1181963438
1182005627
1120802717
1164005609
959705058
1045522577
1181956489
1182142789
959602327
1182133958
938376439
1182035849
1138247348
603314768
1181883649
51439179
1066575358
1122338528
310830577
1016621238
942207779
1008116357
72599588
1009565107
1117570397
1088107359
10693139
1005428888
1037212777
1087011999
1181956837
1087042579
1181924019
1181990287
926410119
1013938258
1183040588
1181974528
1016129879
516361688
1039475408
925878698
1110928337
1065908229
1182717567
988211329
1182017639
1182087998
1177562097
781697437
1182005398
1182026358
1181893227
1062684567
1057794768
919263599
915894477
12905457
1133074287
1182011529
1182147399
1129651519
6751368
1181903087
654457187
534839597
1182123989
963594029
6915597
1181892108
937816039
1182885129
1182148287
1038341019
676727057
1011816808
497459549
1180086288
167565149
1063693977
1181885907
1182004279
1169267667
699513467
987197439
842668377
1181954668
1181904759
1181888368
885020928
1184195817
802233949
1048202739
1182003157
79127467
1181897358
1008347818
16960447
341631559
761477329
1160445738
1081813837
1181948469
1163310449
32578719
1148712609
1173301068
175821079
1181914188
1181904178
846234469
1181892939
928184007
1164695559
945970189
1124394307
1181940439
931582778
440050018
1045838358
1181974118
1060054187
10401857
9264978
1183488168
565873859
1162360919
458784798
1182026949
1025436657
1181953788
409552279
455318838
1181896327
1181945019
63363517
1181695528
1169832087
1029389957
1182095089
1071706158
1183035819
1172746627
1134508338
889243797
1182025589
1048609149
1066056707
838608817
1182096647
1079577698
1169184629
39239707
1182036238
1182019708
729859559
1182323458
1182035738
1045580327
1089548678
1185340807
1181900448
1182024597
1089402168
881668217
1145192359
1181963847
1182109929
14780539
1063855069
1159850819
842974158
1182096077
1064011989
309521569
927145098
1182033618
544408868
543968627
359632428
1132206598
1184993149
64394737
497373707
893740009
826187479
488255178
14257048
1181981019
1033777339
1182387349
501937298
969438648
916730009
1181977528
1181905728
1182023007
1181884558
1181970087
1182038918
812102359
1109488529
996848949
14390598
1181880268
600044147
1181974977
1182026848
1182024317
843776299
44692117
1100946468
1002120177
1113457418
1182016177
1023778117
315870779
1182927098
870934787
1181965167
1047628788
1128392849
1129652369
1170646079
77593807
1039008337
1181987169
1167583338
862374577
1181907657
165603319
1181977558
1150950399
35303479
808810318
547179428
941055278
1002164449
781999948
1181943697
1087976449
77782278
1185392739
1182128958
1182101477
1182135577
1182005797
812747899
1182148878
1115497968
1117150468
918462827
1117019799
1050052437
1167408807
1180128288
86919889
947557639
1182111287
894817339
1055090958
725473598
1006984239
1112847549
1182136238
1056257399
1307579
1182109218
39928469
1182085218
1181897828
1084050778
483894098
1181002989
1182068227
1178617909
43136857
1105177879
1182027509
53012448
1116956097
1182154069
1182091519
1181670899
1170220417
1014245327
1181975769
940782018
1111170217
1181896907
1041915478
1181888869
515531588
1182131778
20275227
873357979
1033800209
1077569777
1181963457
1030080898
1181908607
1185666128
1030980108
1182110308
1182122627
336398959
287977617
845777769
1178416358
1182014737
1181921397
965743609
1044724448
1035169179
599801339
1156136668
933038868
13180109
1097913699
74750948
1182135718
953823938
1139268748
1178819367
371129908
1163317199
1155938027
1095988898
1127939658
838200519
812852458
1007081697
915775147
1181946978
1174488349
1182132439
1182065407
1182037228
820610398
830529829
935063229
1036357068
853542339
73115198
1025747487
1181978468
176235809
1181929469
854474869
1172856878
1182116799
1182101949
1181960089
1045792909
1162830049
1162587178
906617759
177736729
1182245058
1182097418
1181969649
48537369
1182012558
1181987247
1182010727
1180722839
1147599218
